11
011
0011
1011
00011
10011
01011
000011
100011
010011
001011
101011
0000011
1000011
0100011
0010011
1010011
0001011
1001011
0101011
00000011
10000011
01000011
00100011
10100011
00010011
10010011
01010011
00001011
10001011
01001011
00101011
10101011
000000011
100000011
010000011
001000011
101000011
000100011
100100011
010100011
000010011
100010011
010010011
001010011
101010011
000001011
100001011
010001011
001001011
101001011
000101011
100101011
010101011
0000000011
1000000011
0100000011
0010000011
1010000011
0001000011
1001000011
0101000011
0000100011
1000100011
0100100011
0010100011
1010100011
0000010011
1000010011
0100010011
0010010011
1010010011
0001010011
1001010011
0101010011
0000001011
1000001011
0100001011
0010001011
1010001011
0001001011
1001001011
0101001011
0000101011
1000101011
0100101011
0010101011
1010101011
00000000011
10000000011
01000000011
00100000011
10100000011
00010000011
10010000011
01010000011
00001000011
10001000011
01001000011
00101000011
10101000011
00000100011
10000100011
01000100011
00100100011
10100100011
00010100011
10010100011
01010100011
00000010011
10000010011
01000010011
00100010011
10100010011
00010010011
10010010011
01010010011
00001010011
10001010011
01001010011
00101010011
10101010011
00000001011
10000001011
01000001011
00100001011
10100001011
00010001011
10010001011
01010001011
00001001011
10001001011
01001001011
00101001011
10101001011
00000101011
10000101011
01000101011
00100101011
10100101011
00010101011
10010101011
01010101011
000000000011
100000000011
010000000011
001000000011
101000000011
000100000011
100100000011
010100000011
000010000011
100010000011
010010000011
001010000011
101010000011
000001000011
100001000011
010001000011
001001000011
101001000011
000101000011
100101000011
010101000011
000000100011
100000100011
010000100011
001000100011
101000100011
000100100011
100100100011
010100100011
000010100011
100010100011
010010100011
001010100011
101010100011
000000010011
100000010011
010000010011
001000010011
101000010011
000100010011
100100010011
010100010011
000010010011
100010010011
010010010011
001010010011
101010010011
000001010011
100001010011
010001010011
001001010011
101001010011
000101010011
100101010011
010101010011
000000001011
100000001011
010000001011
001000001011
101000001011
000100001011
100100001011
010100001011
000010001011
100010001011
010010001011
001010001011
101010001011
000001001011
100001001011
010001001011
001001001011
101001001011
000101001011
100101001011
010101001011
000000101011
100000101011
010000101011
001000101011
101000101011
000100101011
100100101011
010100101011
000010101011
100010101011
010010101011
001010101011
101010101011
0000000000011
1000000000011
0100000000011
0010000000011
1010000000011
0001000000011
1001000000011
0101000000011
0000100000011
1000100000011
0100100000011
0010100000011
1010100000011
0000010000011
1000010000011
0100010000011
0010010000011
1010010000011
0001010000011
1001010000011
0101010000011
0000001000011
1000001000011
0100001000011
