100
101
110
111
0100
0101
0110
0111
00100
00101
00110
00111
000100
000101
000110
000111
0000100
0000101
0000110
0000111
00000100
00000101
00000110
00000111
000000100
000000101
000000110
000000111
0000000100
0000000101
0000000110
0000000111
00000000100
00000000101
00000000110
00000000111
000000000100
000000000101
000000000110
000000000111
0000000000100
0000000000101
0000000000110
0000000000111
00000000000100
00000000000101
00000000000110
00000000000111
000000000000100
000000000000101
000000000000110
000000000000111
0000000000000100
0000000000000101
0000000000000110
0000000000000111
00000000000000100
00000000000000101
00000000000000110
00000000000000111
000000000000000100
000000000000000101
000000000000000110
000000000000000111
0000000000000000100
0000000000000000101
0000000000000000110
0000000000000000111
00000000000000000100
00000000000000000101
00000000000000000110
00000000000000000111
000000000000000000100
000000000000000000101
000000000000000000110
000000000000000000111
0000000000000000000100
0000000000000000000101
0000000000000000000110
0000000000000000000111
00000000000000000000100
00000000000000000000101
00000000000000000000110
00000000000000000000111
000000000000000000000100
000000000000000000000101
000000000000000000000110
000000000000000000000111
0000000000000000000000100
0000000000000000000000101
0000000000000000000000110
0000000000000000000000111
00000000000000000000000101011100
00000000000000000000000101011101
00000000000000000000000101011110
00000000000000000000000101011111
00000000000000000000000101100000
00000000000000000000000101100001
00000000000000000000000101100010
00000000000000000000000101100011
00000000000000000000000101100100
00000000000000000000000101100101
00000000000000000000000101100110
00000000000000000000000101100111
00000000000000000000000101101000
00000000000000000000000101101001
00000000000000000000000101101010
00000000000000000000000101101011
00000000000000000000000101101100
00000000000000000000000101101101
00000000000000000000000101101110
00000000000000000000000101101111
00000000000000000000000101110000
00000000000000000000000101110001
00000000000000000000000101110010
00000000000000000000000101110011
00000000000000000000000101110100
00000000000000000000000101110101
00000000000000000000000101110110
00000000000000000000000101110111
00000000000000000000000101111000
00000000000000000000000101111001
00000000000000000000000101111010
00000000000000000000000101111011
00000000000000000000000101111100
00000000000000000000000101111101
00000000000000000000000101111110
00000000000000000000000101111111
00000000000000000000000110000000
00000000000000000000000110000001
00000000000000000000000110000010
00000000000000000000000110000011
00000000000000000000000110000100
00000000000000000000000110000101
00000000000000000000000110000110
00000000000000000000000110000111
00000000000000000000000110001000
00000000000000000000000110001001
00000000000000000000000110001010
00000000000000000000000110001011
00000000000000000000000110001100
00000000000000000000000110001101
00000000000000000000000110001110
00000000000000000000000110001111
00000000000000000000000110010000
00000000000000000000000110010001
00000000000000000000000110010010
00000000000000000000000110010011
00000000000000000000000110010100
00000000000000000000000110010101
00000000000000000000000110010110
00000000000000000000000110010111
00000000000000000000000110011000
00000000000000000000000110011001
00000000000000000000000110011010
00000000000000000000000110011011
00000000000000000000000110011100
00000000000000000000000110011101
00000000000000000000000110011110
00000000000000000000000110011111
00000000000000000000000110100000
00000000000000000000000110100001
00000000000000000000000110100010
00000000000000000000000110100011
00000000000000000000000110100100
00000000000000000000000110100101
00000000000000000000000110100110
00000000000000000000000110100111
00000000000000000000000110101000
00000000000000000000000110101001
00000000000000000000000110101010
00000000000000000000000110101011
00000000000000000000000110101100
00000000000000000000000110101101
00000000000000000000000110101110
00000000000000000000000110101111
00000000000000000000000110110000
00000000000000000000000110110001
00000000000000000000000110110010
00000000000000000000000110110011
00000000000000000000000110110100
00000000000000000000000110110101
00000000000000000000000110110110
00000000000000000000000110110111
00000000000000000000000110111000
00000000000000000000000110111001
00000000000000000000000110111010
00000000000000000000000110111011
00000000000000000000000110111100
00000000000000000000000110111101
00000000000000000000000110111110
00000000000000000000000110111111
00000000000000000000000111000000
00000000000000000000000111000001
00000000000000000000000111000010
00000000000000000000000111000011
00000000000000000000000111000100
00000000000000000000000111000101
00000000000000000000000111000110
00000000000000000000000111000111
00000000000000000000000111001000
00000000000000000000000111001001
00000000000000000000000111001010
00000000000000000000000111001011
00000000000000000000000111001100
00000000000000000000000111001101
00000000000000000000000111001110
00000000000000000000000111001111
00000000000000000000000111010000
00000000000000000000000111010001
00000000000000000000000111010010
00000000000000000000000111010011
00000000000000000000000111010100
00000000000000000000000111010101
00000000000000000000000111010110
00000000000000000000000111010111
00000000000000000000000111011000
00000000000000000000000111011001
00000000000000000000000111011010
00000000000000000000000111011011
00000000000000000000000111011100
00000000000000000000000111011101
00000000000000000000000111011110
00000000000000000000000111011111
00000000000000000000000111100000
00000000000000000000000111100001
00000000000000000000000111100010
00000000000000000000000111100011
00000000000000000000000111100100
00000000000000000000000111100101
00000000000000000000000111100110
00000000000000000000000111100111
00000000000000000000000111101000
00000000000000000000000111101001
00000000000000000000000111101010
00000000000000000000000111101011
00000000000000000000000111101100
00000000000000000000000111101101
00000000000000000000000111101110
00000000000000000000000111101111
00000000000000000000000111110000
00000000000000000000000111110001
00000000000000000000000111110010
00000000000000000000000111110011
00000000000000000000000111110100
00000000000000000000000111110101
00000000000000000000000111110110
00000000000000000000000111110111
00000000000000000000000111111000
00000000000000000000000111111001
00000000000000000000000111111010
00000000000000000000000111111011
00000000000000000000000111111100
00000000000000000000000111111101
00000000000000000000000111111110
00000000000000000000000111111111
