0
100
101
11000
11001
11010
11011
1110000
1110001
1110010
1110011
1110100
1110101
1110110
1110111
111100000
111100001
111100010
111100011
111100100
111100101
111100110
111100111
111101000
111101001
111101010
111101011
111101100
111101101
111101110
111101111
11111000000
11111000001
11111000010
11111000011
11111000100
11111000101
11111000110
11111000111
11111001000
11111001001
11111001010
11111001011
11111001100
11111001101
11111001110
11111001111
11111010000
11111010001
11111010010
11111010011
11111010100
11111010101
11111010110
11111010111
11111011000
11111011001
11111011010
11111011011
11111011100
11111011101
11111011110
11111011111
1111110000000
1111110000001
1111110000010
1111110000011
1111110000100
1111110000101
1111110000110
1111110000111
1111110001000
1111110001001
1111110001010
1111110001011
1111110001100
1111110001101
1111110001110
1111110001111
1111110010000
1111110010001
1111110010010
1111110010011
1111110010100
1111110010101
1111110010110
1111110010111
1111110011000
1111110011001
1111110011010
1111110011011
1111110011100
1111110011101
1111110011110
1111110011111
1111110100000
1111110100001
1111110100010
1111110100011
1111110100100
1111110100101
1111110100110
1111110100111
1111110101000
1111110101001
1111110101010
1111110101011
1111110101100
1111110101101
1111110101110
1111110101111
1111110110000
1111110110001
1111110110010
1111110110011
1111110110100
1111110110101
1111110110110
1111110110111
1111110111000
1111110111001
1111110111010
1111110111011
1111110111100
1111110111101
1111110111110
1111110111111
111111100000000
111111100000001
111111100000010
111111100000011
111111100000100
111111100000101
111111100000110
111111100000111
111111100001000
111111100001001
111111100001010
111111100001011
111111100001100
111111100001101
111111100001110
111111100001111
111111100010000
111111100010001
111111100010010
111111100010011
111111100010100
111111100010101
111111100010110
111111100010111
111111100011000
111111100011001
111111100011010
111111100011011
111111100011100
111111100011101
111111100011110
111111100011111
111111100100000
111111100100001
111111100100010
111111100100011
111111100100100
111111100100101
111111100100110
111111100100111
111111100101000
111111100101001
111111100101010
111111100101011
111111100101100
111111100101101
111111100101110
111111100101111
111111100110000
111111100110001
111111100110010
111111100110011
111111100110100
111111100110101
111111100110110
111111100110111
111111100111000
111111100111001
111111100111010
111111100111011
111111100111100
111111100111101
111111100111110
111111100111111
111111101000000
111111101000001
111111101000010
111111101000011
111111101000100
111111101000101
111111101000110
111111101000111
111111101001000
111111101001001
111111101001010
111111101001011
111111101001100
111111101001101
111111101001110
111111101001111
111111101010000
111111101010001
111111101010010
111111101010011
111111101010100
111111101010101
111111101010110
111111101010111
111111101011000
111111101011001
111111101011010
111111101011011
111111101011100
111111101011101
111111101011110
111111101011111
111111101100000
111111101100001
111111101100010
111111101100011
111111101100100
111111101100101
111111101100110
111111101100111
111111101101000
111111101101001
111111101101010
111111101101011
111111101101100
111111101101101
111111101101110
111111101101111
111111101110000
111111101110001
111111101110010
111111101110011
111111101110100
111111101110101
111111101110110
111111101110111
111111101111000
111111101111001
111111101111010
111111101111011
111111101111100
111111101111101
111111101111110
111111101111111
11111111000000000
